Raw Data 
 1.4417370231746807
 1.8360437618628536
 1.702015054925122
 1.3366982002162313
 2.1052981787338005
 2.1498369446150156
 1.5108641591844294
 2.0117323514794965
 1.7202350486224132
 2.2015512111511275
 2.2440634859240918
 1.6705243342117873
 1.497851071162671
 2.1193651041618633
 1.9375836774807598
 1.2922494459033294
 1.8882617138092983
 1.116475769078452
 1.448468085486342
 2.0231686468750576
 1.6877821205669403
 1.4116218755400747
 1.912882207816511
 1.807186525156242
 1.3755902074415791
 2.0746447752493498
 2.146424539855027
 1.296854677616286
 1.7482994831761838
 2.720260137144161
 1.5693931884492247
 1.2466445196069214
 1.914232857080422
 1.4839624711690034
 1.8652620558184787
 1.6463011026303938
 1.6797175860168414
 1.785044785815729
 1.8597873610220883
 1.1749140044403548
 1.3342865792181724
 2.3238593140008694
 1.6656540397285404
 1.5265071034345497
 1.614718987244563
 1.8672389772046607
 1.7995265788243302
 2.035551808627618
 1.808077466534936
 2.0334254175151747
 1.5705180805906598
 1.7015447380265925
 1.615369477894691
 1.9932308064773352
 2.0642031641973135
 1.7426393203783177
 1.3033583837608476
 1.9228705958056995
 1.984574569345057
 1.0951132870879345
 2.1821342624757243
 2.14558019038256
 1.8813247346643027
 2.2316058975583655
 2.098219452954896
 1.6562193474978222
 1.371612120662495
 1.5122101995225807
 1.8687824474414971
 0.8120630629935214
 1.7883563363672068
 1.9135261328670559
 2.1755878946790084
 2.0883797355581653
 1.6976828591907884
 2.2493254652858656
 1.6311844518746321
 1.8572790336171052
 1.5844004229244462
 1.5305453512448555
 2.0841629078250414
 1.690923126544623
 1.9513638768182426
 2.2677379749925066
 2.337749309465468
 1.7738963526846694
 2.5094375893219123
 1.8619301113964897
 1.6230029856396486
 1.3426080455566205
 2.125675202908753
 1.8658031866504032
 1.2505534626165364
 2.346988047103813
 1.8746993525401574
 1.4348598762307085
 2.1266422143701593
 1.7380813047896244
 1.341502669159511
 1.3443021404982995
 5.094162240840756
 5.045932335465911
 4.62319806853236
 4.81743983127985
 5.06585149888927
 4.919901929468336
 5.257499525054748
 5.342117707557801
 4.199771752895588
 5.50077307222336
 4.48108613411015
 5.292207507005747
 5.060638530467622
 4.461526492757688
 5.654745159466337
 4.834878737501461
 4.710222627173068
 3.9208799940497805
 4.5745531043288
 5.008151038348375
 6.279200597928763
 5.180811458076397
 4.805300254404294
 4.75209053538172
 5.194838932218138
 4.593055299102488
 4.851102579309262
 5.415910538252028
 4.852408729471822
 4.395050936511609
 5.222866085065896
 4.782381054591566
 4.619567226102939
 5.109607932532406
 4.518491260874786
 5.022276739739985
 5.130117518111692
 5.238233188911482
 4.597444773384001
 4.5996076216317325
 4.417924050961
 4.281483914001605
 5.2628171805161035
 4.595095719081417
 4.973213016130642
 5.029668872033731
 4.70286479049266
 5.3985021515370715
 4.996493690406506
 5.1140958553069185
 5.515119752350779
 4.507874082506074
 4.603887814816
 5.193631163961674
 5.55772060565266
 4.5867191219626555
 5.359297948059417
 4.837095939439369
 5.2342940361639965
 5.020378072612093
 5.045399463290222
 4.6869352602095296
 5.818680604239128
 4.7926613147905455
 5.007661256800773
 5.203578815609639
 4.931320909650536
 5.284216388671755
 4.688109651552582
 4.494918092456059
 4.916003543839209
 5.0336075975566175
 5.18475295744053
 4.729207567045891
 4.510700132050191
 4.71311323962928
 5.24638457506998
 5.632623971257918
 5.164448929737927
 5.282814032844612
 4.827879152378723
 5.425273027933636
 4.926328099508317
 5.111297205356409
 5.234464837110739
 5.4402859934061025
 5.060872334325472
 5.396397557097929
 4.576014346774306
 4.892728501246955
 4.7631835282355315
 4.860045503956379
 5.106470980275329
 5.161228627263562
 5.201303576510704
 5.058760491469338
 5.311258447202562
 4.688965909076204
 5.332366051760907
 4.293517065746646
 8.355335591936212
 8.334181783842984
 7.846830237056274
 7.971184155232068
 8.254810445219919
 8.003220217040209
 8.372645063372897
 8.216110976927176
 8.445256702050894
 8.44429751375559
 7.890608956223535
 8.518259788513845
 8.226953415924857
 8.553040234904406
 7.555929425521292
 7.742042667008625
 8.451859596233737
 8.026320551198593
 8.12712463535134
 8.90866524732323
 8.633651928211371
 8.134621370188551
 7.922020074574237
 7.624819429119757
 8.807519780558298
 8.26459651497905
 8.350512797317776
 8.24001433288483
 7.918703609684486
 8.4153758600221
 8.178913347023325
 7.524178041203867
 8.472719977351344
 8.075818200947598
 8.396698685299455
 8.67395980119571
 8.355631416953589
 8.201156664496743
 7.745528760218341
 8.402053392302053
 8.41248911426947
 8.393454108122228
 8.641045768621295
 8.814613091062224
 8.276282319012493
 8.369434234000074
 7.48970837838896
 8.0464034860982
 8.323155063790567
 8.828020536324974
 8.05364696671586
 8.375903584820854
 7.851465733440554
 8.253219142364511
 8.064458861914234
 7.216013974471589
 8.106470929914572
 8.421703235217503
 8.05600276138894
 7.725374684406049
 8.212063758874205
 8.350073394413439
 7.941818157615873
 8.536145644179484
 7.702540773844882
 8.37975008041766
 8.2700051716321
 8.901422896721558
 8.226292931158182
 7.504065526522992
 8.182218126172778
 8.534735200835032
 8.536677625349867
 8.545128171970394
 8.38868015530312
 8.662504415694515
 8.265883425224708
 8.199994147730182
 8.941843690567332
 8.561208860004497
 8.364652993393609
 7.891495015094663
 8.572511787134385
 7.819664942854027
 8.431182422311272
 8.359046853554807
 7.842866764892086
 7.861723114184927
 8.297555053836655
 8.041022814982597
 8.400446142267642
 8.463668651258697
 8.311701201769766
 8.56399020175665
 8.756808814176939
 8.31159111460644
 8.370952602532324
 8.570445831096773
 8.190851528613416
 8.156418244229737
Binning Data 
 1.4417370231746807
 1.3366982002162313
 1.5108641591844294
 1.7202350486224132
 1.6705243342117873
 1.497851071162671
 1.9375836774807598
 1.2922494459033294
 1.8882617138092983
 1.116475769078452
 1.448468085486342
 2.0231686468750576
 1.6877821205669403
 1.4116218755400747
 1.912882207816511
 1.807186525156242
 1.3755902074415791
 2.0746447752493498
 2.146424539855027
 1.296854677616286
 1.7482994831761838
 1.5693931884492247
 1.2466445196069214
 1.914232857080422
 1.4839624711690034
 1.8652620558184787
 1.6463011026303938
 1.6797175860168414
 1.785044785815729
 1.8597873610220883
 1.1749140044403548
 1.3342865792181724
 2.3238593140008694
 1.6656540397285404
 1.5265071034345497
 1.614718987244563
 1.8672389772046607
 1.7995265788243302
 2.035551808627618
 1.808077466534936
 2.0334254175151747
 1.5705180805906598
 1.7015447380265925
 1.615369477894691
 1.9932308064773352
 2.0642031641973135
 1.7426393203783177
 1.3033583837608476
 1.9228705958056995
 1.984574569345057
 1.0951132870879345
 2.1821342624757243
 2.14558019038256
 1.8813247346643027
 2.2316058975583655
 2.098219452954896
 1.6562193474978222
 1.371612120662495
 1.5122101995225807
 1.8687824474414971
 1.7883563363672068
 1.9135261328670559
 2.1755878946790084
 2.0883797355581653
 1.6976828591907884
 2.2493254652858656
 1.6311844518746321
 1.8572790336171052
 1.5844004229244462
 1.5305453512448555
 2.0841629078250414
 1.690923126544623
 1.9513638768182426
 2.2677379749925066
 2.337749309465468
 1.7738963526846694
 2.5094375893219123
 1.8619301113964897
 1.6230029856396486
 1.3426080455566205
 2.125675202908753
 1.8658031866504032
 1.2505534626165364
 2.346988047103813
 1.8746993525401574
 1.4348598762307085
 2.1266422143701593
 1.7380813047896244
 1.341502669159511
 1.3443021404982995
 1.8360437618628536
 1.702015054925122
 2.0117323514794965
 2.2015512111511275
 2.2440634859240918
 2.1193651041618633
 2.1052981787338005
 2.1498369446150156
 2.720260137144161
 0.8120630629935214
 5.094162240840756
 5.045932335465911
 4.81743983127985
 5.06585149888927
 4.919901929468336
 5.257499525054748
 5.342117707557801
 5.50077307222336
 5.292207507005747
 5.060638530467622
 5.654745159466337
 4.834878737501461
 4.710222627173068
 4.5745531043288
 5.008151038348375
 5.180811458076397
 4.805300254404294
 4.75209053538172
 5.194838932218138
 4.593055299102488
 4.851102579309262
 5.415910538252028
 4.852408729471822
 4.395050936511609
 5.222866085065896
 4.782381054591566
 4.619567226102939
 5.109607932532406
 4.518491260874786
 5.022276739739985
 5.130117518111692
 5.238233188911482
 4.597444773384001
 4.5996076216317325
 4.417924050961
 4.281483914001605
 5.2628171805161035
 4.595095719081417
 4.973213016130642
 5.029668872033731
 4.70286479049266
 5.3985021515370715
 4.996493690406506
 5.1140958553069185
 5.515119752350779
 4.507874082506074
 4.603887814816
 5.193631163961674
 5.55772060565266
 4.5867191219626555
 5.359297948059417
 4.837095939439369
 5.2342940361639965
 5.020378072612093
 5.045399463290222
 4.6869352602095296
 5.818680604239128
 4.7926613147905455
 5.007661256800773
 5.203578815609639
 4.931320909650536
 5.284216388671755
 4.688109651552582
 4.494918092456059
 4.916003543839209
 5.0336075975566175
 5.18475295744053
 4.729207567045891
 4.510700132050191
 4.71311323962928
 5.24638457506998
 5.632623971257918
 5.164448929737927
 5.282814032844612
 4.827879152378723
 5.425273027933636
 4.926328099508317
 5.111297205356409
 5.234464837110739
 5.4402859934061025
 5.060872334325472
 5.396397557097929
 4.576014346774306
 4.892728501246955
 4.7631835282355315
 4.860045503956379
 5.106470980275329
 5.161228627263562
 5.201303576510704
 5.058760491469338
 5.311258447202562
 4.688965909076204
 5.332366051760907
 4.293517065746646
 4.62319806853236
 4.199771752895588
 4.48108613411015
 4.461526492757688
 3.9208799940497805
 6.279200597928763
 8.355335591936212
 8.334181783842984
 8.254810445219919
 8.372645063372897
 8.216110976927176
 8.445256702050894
 8.44429751375559
 8.518259788513845
 8.226953415924857
 8.553040234904406
 8.451859596233737
 8.026320551198593
 8.12712463535134
 8.633651928211371
 8.134621370188551
 7.922020074574237
 8.807519780558298
 8.26459651497905
 8.350512797317776
 8.24001433288483
 7.918703609684486
 8.4153758600221
 8.178913347023325
 8.472719977351344
 8.075818200947598
 8.396698685299455
 8.67395980119571
 8.355631416953589
 8.201156664496743
 7.745528760218341
 8.402053392302053
 8.41248911426947
 8.393454108122228
 8.641045768621295
 8.814613091062224
 8.276282319012493
 8.369434234000074
 7.48970837838896
 8.0464034860982
 8.323155063790567
 8.828020536324974
 8.05364696671586
 8.375903584820854
 7.851465733440554
 8.253219142364511
 8.064458861914234
 8.106470929914572
 8.421703235217503
 8.05600276138894
 7.725374684406049
 8.212063758874205
 8.350073394413439
 7.941818157615873
 8.536145644179484
 7.702540773844882
 8.37975008041766
 8.2700051716321
 8.901422896721558
 8.226292931158182
 7.504065526522992
 8.182218126172778
 8.534735200835032
 8.536677625349867
 8.545128171970394
 8.38868015530312
 8.662504415694515
 8.265883425224708
 8.199994147730182
 8.941843690567332
 8.561208860004497
 8.364652993393609
 7.891495015094663
 8.572511787134385
 7.819664942854027
 8.431182422311272
 8.359046853554807
 7.842866764892086
 7.861723114184927
 8.297555053836655
 8.041022814982597
 8.400446142267642
 8.463668651258697
 8.311701201769766
 8.56399020175665
 8.756808814176939
 8.31159111460644
 8.370952602532324
 8.570445831096773
 8.190851528613416
 8.156418244229737
 7.846830237056274
 7.971184155232068
 8.003220217040209
 7.890608956223535
 7.742042667008625
 7.624819429119757
 7.524178041203867
 7.555929425521292
 8.90866524732323
 7.216013974471589
