Raw Data 
 4.440434425787286
 4.599024601258129
 4.789660343920762
 4.641637910743641
 4.4884412680746415
 4.137504485430673
 4.67390304117725
 4.516341908933318
 3.5116445032825814
 5.129796597463285
 4.60343563856379
 3.8115217966085995
 4.888247289582228
 4.316790949935811
 4.7271427382619455
 5.241527974950564
 6.64006047548928
 5.781355829091459
 5.203419977281435
 4.291471441044218
 4.383256814740479
 5.741295490292247
 4.530512991794362
 4.107721204081617
 4.412549473582889
 4.226695495916088
 3.7262591850377564
 5.817868218660422
 4.639956333957601
 5.426990589600801
 4.4822516367511405
 3.873843355289248
 5.193645358445939
 4.830741351538992
 5.81454210408162
 4.313883559974965
 4.253049862772049
 4.566074679132478
 3.337397780535032
 4.51861377346501
 3.922943416525839
 6.416787456691669
 3.6687418383599457
 6.998138632415195
 5.441838909269653
 4.5411448382680755
 2.558625367910018
 4.427336074121136
 4.64699774778078
 6.09265403666355
Binning Data 
 4.440434425787286
 4.599024601258129
 4.4884412680746415
 4.516341908933318
 4.60343563856379
 4.530512991794362
 4.412549473582889
 4.639956333957601
 4.4822516367511405
 4.566074679132478
 4.51861377346501
 4.5411448382680755
 4.427336074121136
 4.64699774778078
 4.789660343920762
 4.641637910743641
 4.67390304117725
 4.7271427382619455
 4.830741351538992
 4.137504485430673
 3.5116445032825814
 3.8115217966085995
 4.107721204081617
 3.7262591850377564
 3.873843355289248
 3.922943416525839
 3.6687418383599457
 5.129796597463285
 4.888247289582228
 4.316790949935811
 5.241527974950564
 5.203419977281435
 4.291471441044218
 4.383256814740479
 5.193645358445939
 4.313883559974965
 4.253049862772049
 6.64006047548928
 5.781355829091459
 5.741295490292247
 5.817868218660422
 5.81454210408162
 6.416787456691669
 6.09265403666355
 4.226695495916088
 5.426990589600801
 5.441838909269653
 3.337397780535032
 6.998138632415195
 2.558625367910018
