Binning Data 
 Bin: 0
 1.063880243598292
 1.1446085107051505
 1.1517716996332592
 1.158243132909762
 1.1972276182403325
 1.2005363888384963
 1.20928909071272
 1.220549980163514
 1.2359297633224626
 1.249309120671247
 1.2650404529147936
 1.299115881676291
 1.3019358220551664
 1.321135541710972
 1.3390838408117787
 1.3520437211803893
 1.3849130449685072
 1.4191461997076453
 1.4672745847668778
 1.5139405249033573
 1.5332478778742218
 1.552242620051372
 1.5554112381622804
 1.5586998034830237
 1.565190778069153
 1.570702411970954
 1.5944671514627191
 1.6017218342739015
 1.6161537800645815
 1.6266406043828807
 1.6278051813481205
 1.6413276593327213
 1.6418124799725031
 1.6440358447357166
 1.6522940158069066
 1.6531031280085733
 1.6567524075875137
 1.6583905503496517
 1.662163848089265
 1.6951390958600714
 1.6991060968986809
 1.6992343372758492
 1.703694955741223
 1.716840542488757
 1.7182394560272398
 1.7223181144941089
 1.7300238255363707
 1.7350652970690967
 1.7391755578281722
 1.7411494938580276
 1.7601460857851756
 1.7801342568701517
 1.786587662787365
 1.792490798202344
 1.7950734308764933
 1.811303428309968
 1.8178756307561716
 1.822168621331885
 1.8421967687252472
 1.8677312041467458
 1.8720677989091439
 1.8762686816968563
 1.878102168142355
 1.8871172159239422
 1.8914100079687401
 1.900258622231844
 1.9032934547300513
 1.9161807818437693
 1.9195348125030705
 1.940240337962265
 1.9408819395998844
 1.9422245405645504
 1.9492971606995293
 1.9570931960359947
 1.96578025612699
 1.9731897303497468
 1.9793687791108292
 1.9815691076978958
 2.0189554848904323
 2.0287673946887104
 2.0339769861751855
 2.040416855497871
 2.042237303394664
 2.0900757319182657
 2.0911801553208487
 2.1112571601272188
 2.142371083099122
 2.1428630001770883
 2.1522502465068345
 2.228784442238298
 2.2489064581022418
 2.2501552660925137
 2.2590802265326237
 2.2598839062834664
 2.2737155192599814
 2.276516939960743
 2.2821822495311195
 2.29721902489094
 2.4337407398311854
 2.5121191542764216
 3.967248054716811
 4.209143935892524
 4.2148726769814875
 4.264460172937639
 4.288500319755483
 4.3918461484075735
 4.4168027594484
 4.425042367577232
 4.458247603461661
 4.468849640645915
 4.481330599663854
 4.514361271954163
 4.5491680076148935
 4.558763347998742
 4.563025473479414
 4.591129222729618
 4.592144466220789
 4.6229034015884505
 4.631667437327685
 4.661290492012988
 4.678690718679849
 4.694916863275673
 4.703505491030854
 4.717775124425874
 4.722350512101236
 4.7260273303685105
 4.73235698788916
 4.744683635181011
 4.749725629371504
 4.767573481189414
 4.775860897020338
 4.78085430380145
 4.819540335807622
 4.830838333505424
 4.835111441356936
 4.836722157607998
 4.891537855250778
 4.894777990526569
 4.902622631801442
 4.9056311242012045
 4.916863486302031
 4.9192905630363395
 4.926043778690616
 4.927342858804511
 4.931387399271494
 4.936541084402334
 4.950209254851487
 4.954547441998232
 4.959253047221251
 4.9602371128017655
 4.998560717548679
 5.000945535488342
 5.019975761801458
 5.033024435316536
 5.049122526310008
 5.053214443348224
 5.05408136277523
 5.059478176625017
 5.06117079474399
 5.06275213050083
 5.080101378568929
 5.081065823599652
 5.084877449726627
 5.106141305979158
 5.109469989836424
 5.119471251111742
 5.138628335134147
 5.145438735448489
 5.152329312120775
 5.15988924661659
 5.1737679133756425
 5.1806138963131705
 5.213957520394606
 5.2164007687928216
 5.217995688081112
 5.225394828877345
 5.297205475588228
 5.302775679119316
 5.328483353706403
 5.349647914486673
 5.399553551220482
 5.407722589900006
 5.4280660180553895
 5.442116303450957
 5.478367430694139
 5.573520411469951
 5.582050777665472
 5.587792192008045
 5.609554070479292
 5.631916874784989
 5.633040897868119
 5.638961098973498
 5.642661910809499
 5.662180106231501
 5.667146866611414
 5.668068875667639
 5.682724814633231
 5.799510904816204
 5.929851310937723
 5.935974899449199
 7.6447803503272365
 7.744507474137952
 7.824984057621981
 7.8295359298232805
 7.8324570034052705
 7.835740812302834
 7.8576333265995775
 7.89149422312729
 7.905901627451476
 7.922846205384945
 7.930859135389515
 7.94175478466154
 7.967477256066743
 7.9745935424503305
 7.9788825042743685
 7.986792870496251
 7.986886819109767
 7.988153978145227
 8.014994967594152
 8.018327768391416
 8.022198320063591
 8.032979300260541
 8.035881088364727
 8.064515552127977
 8.071939747119439
 8.07595431648179
 8.09172333150747
 8.095544014561254
 8.105825046092958
 8.106158005337596
 8.110636871888815
 8.118997469310616
 8.120440587214194
 8.129138350265976
 8.152819692179975
 8.166106197637209
 8.172537330947327
 8.180940857750818
 8.181488257671838
 8.187701166693234
 8.19178591253135
 8.199702508713852
 8.202948743963635
 8.207911726935453
 8.20888574175373
 8.213775884025345
 8.220546783867963
 8.233769038754573
 8.23558429295482
 8.23595911497064
 8.237220345561518
 8.238257700209004
 8.247429785799318
 8.260677448396944
 8.27094293714245
 8.276685945404422
 8.282336461491305
 8.297096300718785
 8.3065875977326
 8.322485971192705
 8.325636334832307
 8.344904107359312
 8.358076954384726
 8.358092527629525
 8.362162033061137
 8.362743479996627
 8.364264890981556
 8.375188911721185
 8.378356583841942
 8.38556138674419
 8.400094122003761
 8.40562263223943
 8.410566623932718
 8.417718015846333
 8.42415575676235
 8.44430169673321
 8.464553081558917
 8.487682534174581
 8.509028400116991
 8.5287174349804
 8.533079780829098
 8.550639242653864
 8.552341078727569
 8.576530220045747
 8.637423525397024
 8.651522713611069
 8.685287921354396
 8.702801717375308
 8.70504181628776
 8.715815326712244
 8.741251189532544
 8.749237157323924
 8.751771677905326
 8.776820498471832
 8.80750493283459
 8.821609951280521
 8.82312187184153
 8.826929191216099
 8.88021610546761
 9.109287203224252
 Bin: 0
 Max: 9.109287203224252
 Min: 1.063880243598292
