Raw Data 
 0.9514577587591563
 2.1456807663402673
 1.9278240483137
 1.352177578354054
 1.6453223949995899
 1.366515902384153
 1.4044158384386136
 1.4964073712230677
 1.054967847746871
 1.761454785656799
 2.133123140157735
 1.3684035317273455
 1.520267886164455
 1.4921769471884612
 1.5792183297627558
 0.7844355113318143
 1.4620266070305672
 1.7154676939821767
 1.6181497558536972
 1.600082261152611
 2.2193366410517212
 1.8314020630135164
 1.6736499543213077
 1.3956389401915112
 1.4993212724508678
 1.465609569163108
 2.0143561958016005
 1.2470653241038392
 1.5482856154968463
 1.7704995758018265
 1.6722027030673123
 1.634677358543902
 1.434653530102205
 1.6028233011921724
 1.901821004835785
 2.1426362136722283
 1.510296762693739
 1.7818544889590915
 1.834322026466994
 1.6499838780254668
 1.3743845349095951
 1.682426551309219
 1.5069696055992539
 1.744720589063024
 1.3329559663385198
 2.1025537022873633
 1.3641260610685915
 1.66591546373529
 1.4490644947057219
 1.9330840050413844
 1.6090216932412948
 2.325167457743609
 1.2089146385063934
 1.191482691291712
 2.0652042221802476
 1.450903435792934
 1.452985314500233
 1.7980485408732325
 1.5523572426614551
 1.771418379496728
 1.8775900772262288
 1.34101089379991
 1.1729731884324637
 2.4345359316974906
 1.583539316184201
 1.5881009950002916
 1.590300467958352
 1.6550832771961752
 1.1294564318383518
 1.5556682645965754
 1.3387018914209297
 1.5737342177958924
 2.35673217053152
 1.8727326162548372
 1.5679145757636392
 2.043767385515305
 1.7530472042379375
 1.6240612110972272
 1.7938180064349152
 1.595355500888834
 1.5189312732761255
 1.7082099770105483
 1.8120546327571663
 1.06963184015359
 1.8455665231376555
 2.201349950160337
 1.7982148167016654
 1.498752647004106
 1.687085044112815
 1.4225368278067676
 1.3702819541474407
 1.7627432288399545
 1.3783698752155926
 0.78896619983782
 1.8627673778099878
 1.2669823949954488
 1.7975191554904777
 1.7520692193889935
 1.6813612388051529
 2.0081457667777647
 5.040699660247335
 5.175753167044711
 4.95102884912373
 5.0494014883443965
 5.081075759608395
 4.7100917582360795
 4.850653515748515
 4.89792667345975
 5.280649567593357
 5.267717351263483
 5.487469902409961
 5.2486518343276405
 4.692301979184853
 5.14649271751352
 4.478786148929568
 5.06383144814392
 5.757430061651759
 4.517782984662965
 4.846997431591221
 5.1455207921150805
 4.969177466630454
 5.019949105284596
 4.946162321385188
 5.3486096955297935
 4.669571564147589
 5.029909158115503
 5.656904485489534
 4.606859149491947
 4.903369242514432
 5.289693271026543
 5.346330534868891
 4.581582565076252
 4.755029147067204
 4.55913952742498
 4.835352079498551
 4.332674391487335
 4.872177227387508
 5.139390738923311
 5.566496935656809
 4.995968537182261
 5.309699145400322
 5.240200171888201
 5.23722010423156
 4.727349196008651
 4.6019048919846846
 5.574371654089576
 4.81415988628392
 4.801219930681594
 5.020945192815116
 4.220690106732417
 4.729097174396266
 4.731773882058219
 5.005538853098399
 5.247178246769066
 4.8914095628402166
 4.967175913336102
 4.647460617631191
 5.231748854431758
 4.984091004623291
 5.322858934031592
 4.9886027444868315
 5.419784033361388
 4.568384860044552
 4.5834615990330665
 5.002793324519983
 4.969670327160909
 4.864068372995374
 5.406529999548935
 5.423513976647574
 4.79866846321639
 4.815455807398843
 5.573395644164426
 4.623378000430556
 4.790872210633622
 5.238684505148136
 5.073935848580183
 4.299703870984495
 4.955715832847516
 4.809708147647089
 4.942585461587792
 4.551496525628125
 5.270264614663709
 4.512144006132959
 5.476535728654877
 4.91938572922822
 6.21176468408699
 5.194793480008295
 4.637649954766463
 4.456649550685908
 5.142230924956054
 5.419182707982966
 5.0278827608404715
 5.244687485002672
 4.363286350074451
 5.394655473839737
 4.918770600217085
 5.201086242576654
 5.141117427553861
 4.9493755135866575
 4.891815835489586
 8.396460500681656
 8.230234327474657
 8.716523755842374
 8.121049463585775
 8.295346757091727
 8.196140417243422
 8.717385876133001
 8.329821327350354
 7.951051874515706
 8.635306813889525
 8.378337560550692
 7.767870361464799
 8.250038568913306
 8.364461835272222
 7.908421476500664
 7.968182789768879
 8.541825770811485
 8.097498357727899
 8.326258336759345
 8.73531619039827
 9.062014202175883
 8.090508293850196
 8.597166164449359
 8.593780696793086
 8.699515589277972
 8.118882989749357
 8.41172044048908
 8.638120376647342
 8.425106006507708
 8.025358501080765
 8.4901005630905
 8.20016649164796
 8.07654644506238
 8.389850700811554
 8.798069947318243
 8.588759763107126
 8.23927975482966
 8.032394125788061
 8.381229530059382
 8.235615471641598
 8.662719482315287
 8.129205584782593
 8.791739265208975
 8.736149740936053
 8.954025992776575
 8.525478322983274
 8.044774367403608
 8.878566203168736
 8.790689291577747
 8.213996615839033
 8.137432301786525
 8.719989597542348
 8.268072900668251
 8.491743238410823
 8.212637193173286
 8.471040951929469
 8.196352288572264
 7.956878522156511
 8.306902225772411
 8.725902067297362
 8.268614963130922
 8.523020149820725
 8.284944745837251
 8.378382685734895
 8.598964911318793
 8.51429335029591
 8.35821983472657
 8.528854390718573
 7.94404519403604
 8.28070739128435
 8.07886676322324
 8.494862716516897
 8.05525300500394
 8.102606563247344
 8.521349597871254
 7.812304318674881
 7.671384627783638
 8.17105072376878
 8.434160533666546
 7.802856182425554
 8.56002293979204
 8.011739362120815
 8.2420605981579
 7.821479760199872
 8.865534324431668
 8.010810486438187
 8.14069896010519
 8.182354125248214
 7.874906776317795
 8.25584053516134
 8.204108300608402
 7.786604394197168
 8.01639838385244
 8.541276199636147
 8.094086267141893
 8.73409527858687
 8.210144323040126
 9.010466963587987
 8.520089407382779
 7.69284925934867
Shuffled Raw Data 
 0.9514577587591563
 2.1456807663402673
 1.9278240483137
 1.352177578354054
 1.6453223949995899
 1.366515902384153
 1.4044158384386136
 1.4964073712230677
 1.054967847746871
 1.761454785656799
 2.133123140157735
 1.3684035317273455
 1.520267886164455
 1.4921769471884612
 1.5792183297627558
 0.7844355113318143
 1.4620266070305672
 1.7154676939821767
 1.6181497558536972
 1.600082261152611
 2.2193366410517212
 1.8314020630135164
 1.6736499543213077
 1.3956389401915112
 1.4993212724508678
 1.465609569163108
 2.0143561958016005
 1.2470653241038392
 1.5482856154968463
 1.7704995758018265
 1.6722027030673123
 1.634677358543902
 1.434653530102205
 1.6028233011921724
 1.901821004835785
 2.1426362136722283
 1.510296762693739
 1.7818544889590915
 1.834322026466994
 1.6499838780254668
 1.3743845349095951
 1.682426551309219
 1.5069696055992539
 1.744720589063024
 1.3329559663385198
 2.1025537022873633
 1.3641260610685915
 1.66591546373529
 1.4490644947057219
 1.9330840050413844
 1.6090216932412948
 2.325167457743609
 1.2089146385063934
 1.191482691291712
 2.0652042221802476
 1.450903435792934
 1.452985314500233
 1.7980485408732325
 1.5523572426614551
 1.771418379496728
 1.8775900772262288
 1.34101089379991
 1.1729731884324637
 2.4345359316974906
 1.583539316184201
 1.5881009950002916
 1.590300467958352
 1.6550832771961752
 1.1294564318383518
 1.5556682645965754
 1.3387018914209297
 1.5737342177958924
 2.35673217053152
 1.8727326162548372
 1.5679145757636392
 2.043767385515305
 1.7530472042379375
 1.6240612110972272
 1.7938180064349152
 1.595355500888834
 1.5189312732761255
 1.7082099770105483
 1.8120546327571663
 1.06963184015359
 1.8455665231376555
 2.201349950160337
 1.7982148167016654
 1.498752647004106
 1.687085044112815
 1.4225368278067676
 1.3702819541474407
 1.7627432288399545
 1.3783698752155926
 0.78896619983782
 1.8627673778099878
 1.2669823949954488
 1.7975191554904777
 1.7520692193889935
 1.6813612388051529
 2.0081457667777647
 5.040699660247335
 5.175753167044711
 4.95102884912373
 5.0494014883443965
 5.081075759608395
 4.7100917582360795
 4.850653515748515
 4.89792667345975
 5.280649567593357
 5.267717351263483
 5.487469902409961
 5.2486518343276405
 4.692301979184853
 5.14649271751352
 4.478786148929568
 5.06383144814392
 5.757430061651759
 4.517782984662965
 4.846997431591221
 5.1455207921150805
 4.969177466630454
 5.019949105284596
 4.946162321385188
 5.3486096955297935
 4.669571564147589
 5.029909158115503
 5.656904485489534
 4.606859149491947
 4.903369242514432
 5.289693271026543
 5.346330534868891
 4.581582565076252
 4.755029147067204
 4.55913952742498
 4.835352079498551
 4.332674391487335
 4.872177227387508
 5.139390738923311
 5.566496935656809
 4.995968537182261
 5.309699145400322
 5.240200171888201
 5.23722010423156
 4.727349196008651
 4.6019048919846846
 5.574371654089576
 4.81415988628392
 4.801219930681594
 5.020945192815116
 4.220690106732417
 4.729097174396266
 4.731773882058219
 5.005538853098399
 5.247178246769066
 4.8914095628402166
 4.967175913336102
 4.647460617631191
 5.231748854431758
 4.984091004623291
 5.322858934031592
 4.9886027444868315
 5.419784033361388
 4.568384860044552
 4.5834615990330665
 5.002793324519983
 4.969670327160909
 4.864068372995374
 5.406529999548935
 5.423513976647574
 4.79866846321639
 4.815455807398843
 5.573395644164426
 4.623378000430556
 4.790872210633622
 5.238684505148136
 5.073935848580183
 4.299703870984495
 4.955715832847516
 4.809708147647089
 4.942585461587792
 4.551496525628125
 5.270264614663709
 4.512144006132959
 5.476535728654877
 4.91938572922822
 6.21176468408699
 5.194793480008295
 4.637649954766463
 4.456649550685908
 5.142230924956054
 5.419182707982966
 5.0278827608404715
 5.244687485002672
 4.363286350074451
 5.394655473839737
 4.918770600217085
 5.201086242576654
 5.141117427553861
 4.9493755135866575
 4.891815835489586
 8.396460500681656
 8.230234327474657
 8.716523755842374
 8.121049463585775
 8.295346757091727
 8.196140417243422
 8.717385876133001
 8.329821327350354
 7.951051874515706
 8.635306813889525
 8.378337560550692
 7.767870361464799
 8.250038568913306
 8.364461835272222
 7.908421476500664
 7.968182789768879
 8.541825770811485
 8.097498357727899
 8.326258336759345
 8.73531619039827
 9.062014202175883
 8.090508293850196
 8.597166164449359
 8.593780696793086
 8.699515589277972
 8.118882989749357
 8.41172044048908
 8.638120376647342
 8.425106006507708
 8.025358501080765
 8.4901005630905
 8.20016649164796
 8.07654644506238
 8.389850700811554
 8.798069947318243
 8.588759763107126
 8.23927975482966
 8.032394125788061
 8.381229530059382
 8.235615471641598
 8.662719482315287
 8.129205584782593
 8.791739265208975
 8.736149740936053
 8.954025992776575
 8.525478322983274
 8.044774367403608
 8.878566203168736
 8.790689291577747
 8.213996615839033
 8.137432301786525
 8.719989597542348
 8.268072900668251
 8.491743238410823
 8.212637193173286
 8.471040951929469
 8.196352288572264
 7.956878522156511
 8.306902225772411
 8.725902067297362
 8.268614963130922
 8.523020149820725
 8.284944745837251
 8.378382685734895
 8.598964911318793
 8.51429335029591
 8.35821983472657
 8.528854390718573
 7.94404519403604
 8.28070739128435
 8.07886676322324
 8.494862716516897
 8.05525300500394
 8.102606563247344
 8.521349597871254
 7.812304318674881
 7.671384627783638
 8.17105072376878
 8.434160533666546
 7.802856182425554
 8.56002293979204
 8.011739362120815
 8.2420605981579
 7.821479760199872
 8.865534324431668
 8.010810486438187
 8.14069896010519
 8.182354125248214
 7.874906776317795
 8.25584053516134
 8.204108300608402
 7.786604394197168
 8.01639838385244
 8.541276199636147
 8.094086267141893
 8.73409527858687
 8.210144323040126
 9.010466963587987
 8.520089407382779
 7.69284925934867
Binning Data 
 Bin: 0
 0.9514577587591563
 1.352177578354054
 1.6453223949995899
 1.366515902384153
 1.4044158384386136
 1.4964073712230677
 1.054967847746871
 1.761454785656799
 1.3684035317273455
 1.520267886164455
 1.4921769471884612
 1.5792183297627558
 0.7844355113318143
 1.4620266070305672
 1.7154676939821767
 1.6181497558536972
 1.600082261152611
 2.2193366410517212
 1.8314020630135164
 1.6736499543213077
 1.3956389401915112
 1.4993212724508678
 1.465609569163108
 2.0143561958016005
 1.2470653241038392
 1.5482856154968463
 1.7704995758018265
 1.6722027030673123
 1.634677358543902
 1.434653530102205
 1.6028233011921724
 1.901821004835785
 2.1426362136722283
 1.510296762693739
 1.7818544889590915
 1.834322026466994
 1.6499838780254668
 1.3743845349095951
 1.682426551309219
 1.5069696055992539
 1.744720589063024
 1.3329559663385198
 2.1025537022873633
 1.3641260610685915
 1.66591546373529
 1.4490644947057219
 1.9330840050413844
 1.6090216932412948
 2.325167457743609
 1.2089146385063934
 1.191482691291712
 2.0652042221802476
 1.450903435792934
 1.452985314500233
 1.7980485408732325
 1.5523572426614551
 1.771418379496728
 1.8775900772262288
 1.34101089379991
 1.1729731884324637
 2.4345359316974906
 1.583539316184201
 1.5881009950002916
 1.590300467958352
 1.6550832771961752
 1.1294564318383518
 1.5556682645965754
 1.3387018914209297
 1.5737342177958924
 2.35673217053152
 1.8727326162548372
 1.5679145757636392
 2.043767385515305
 1.7530472042379375
 1.6240612110972272
 1.7938180064349152
 1.595355500888834
 1.5189312732761255
 1.7082099770105483
 1.8120546327571663
 1.06963184015359
 1.8455665231376555
 2.201349950160337
 1.7982148167016654
 1.498752647004106
 1.687085044112815
 1.4225368278067676
 1.3702819541474407
 1.7627432288399545
 1.3783698752155926
 0.78896619983782
 1.8627673778099878
 1.2669823949954488
 1.7975191554904777
 1.7520692193889935
 1.6813612388051529
 2.0081457667777647
 5.040699660247335
 5.175753167044711
 4.95102884912373
 5.0494014883443965
 5.081075759608395
 4.7100917582360795
 4.850653515748515
 4.89792667345975
 5.280649567593357
 5.267717351263483
 5.487469902409961
 5.2486518343276405
 4.692301979184853
 5.14649271751352
 4.478786148929568
 5.06383144814392
 5.757430061651759
 4.517782984662965
 4.846997431591221
 5.1455207921150805
 4.969177466630454
 5.019949105284596
 4.946162321385188
 5.3486096955297935
 4.669571564147589
 5.029909158115503
 5.656904485489534
 4.606859149491947
 4.903369242514432
 5.289693271026543
 5.346330534868891
 4.581582565076252
 4.755029147067204
 4.55913952742498
 4.835352079498551
 4.332674391487335
 4.872177227387508
 5.139390738923311
 5.566496935656809
 4.995968537182261
 5.309699145400322
 5.240200171888201
 5.23722010423156
 4.727349196008651
 4.6019048919846846
 5.574371654089576
 4.81415988628392
 4.801219930681594
 5.020945192815116
 4.220690106732417
 4.729097174396266
 4.731773882058219
 5.005538853098399
 5.247178246769066
 4.8914095628402166
 4.967175913336102
 4.647460617631191
 5.231748854431758
 4.984091004623291
 5.322858934031592
 4.9886027444868315
 5.419784033361388
 4.568384860044552
 4.5834615990330665
 5.002793324519983
 4.969670327160909
 4.864068372995374
 5.406529999548935
 5.423513976647574
 4.79866846321639
 4.815455807398843
 5.573395644164426
 4.623378000430556
 4.790872210633622
 5.238684505148136
 5.073935848580183
 4.299703870984495
 4.955715832847516
 4.809708147647089
 4.942585461587792
 4.551496525628125
 5.270264614663709
 4.512144006132959
 5.476535728654877
 4.91938572922822
 6.21176468408699
 5.194793480008295
 4.637649954766463
 4.456649550685908
 5.142230924956054
 5.419182707982966
 5.0278827608404715
 5.244687485002672
 4.363286350074451
 5.394655473839737
 4.918770600217085
 5.201086242576654
 5.141117427553861
 4.9493755135866575
 4.891815835489586
 8.396460500681656
 8.230234327474657
 8.716523755842374
 8.121049463585775
 8.295346757091727
 8.196140417243422
 8.717385876133001
 8.329821327350354
 7.951051874515706
 8.635306813889525
 8.378337560550692
 7.767870361464799
 8.250038568913306
 8.364461835272222
 7.908421476500664
 7.968182789768879
 8.541825770811485
 8.097498357727899
 8.326258336759345
 8.73531619039827
 9.062014202175883
 8.090508293850196
 8.597166164449359
 8.593780696793086
 8.699515589277972
 8.118882989749357
 8.41172044048908
 8.638120376647342
 8.425106006507708
 8.025358501080765
 8.4901005630905
 8.20016649164796
 8.07654644506238
 8.389850700811554
 8.798069947318243
 8.588759763107126
 8.23927975482966
 8.032394125788061
 8.381229530059382
 8.235615471641598
 8.662719482315287
 8.129205584782593
 8.791739265208975
 8.736149740936053
 8.954025992776575
 8.525478322983274
 8.044774367403608
 8.878566203168736
 8.790689291577747
 8.213996615839033
 8.137432301786525
 8.719989597542348
 8.268072900668251
 8.491743238410823
 8.212637193173286
 8.471040951929469
 8.196352288572264
 7.956878522156511
 8.306902225772411
 8.725902067297362
 8.268614963130922
 8.523020149820725
 8.284944745837251
 8.378382685734895
 8.598964911318793
 8.51429335029591
 8.35821983472657
 8.528854390718573
 7.94404519403604
 8.28070739128435
 8.07886676322324
 8.494862716516897
 8.05525300500394
 8.102606563247344
 8.521349597871254
 7.812304318674881
 7.671384627783638
 8.17105072376878
 8.434160533666546
 7.802856182425554
 8.56002293979204
 8.011739362120815
 8.2420605981579
 7.821479760199872
 8.865534324431668
 8.010810486438187
 8.14069896010519
 8.182354125248214
 7.874906776317795
 8.25584053516134
 8.204108300608402
 7.786604394197168
 8.01639838385244
 8.541276199636147
 8.094086267141893
 8.73409527858687
 8.210144323040126
 9.010466963587987
 8.520089407382779
 7.69284925934867
 Bin: 1
 2.1456807663402673
 1.9278240483137
 2.133123140157735
 Bin: 0
 Max: 9.062014202175883
 Min: 0.7844355113318143
 Bin: 1
 Max: 2.1456807663402673
 Min: 1.9278240483137
