Raw Data 
 1.8854666845486017
 1.5224988108437818
 1.4573483364354898
 1.603826382950057
 1.324460060031146
 1.8286327245102245
 2.2234230736445832
 2.0170279642421587
 1.4764086656525641
 2.0458963787735467
 0.9679579680379982
 1.6832173759795914
 2.0102784955907826
 1.351403835309789
 1.4086443516095453
 1.7412906772133339
 1.4482282606661165
 1.6773703024526607
 1.287050806651404
 1.3514406159867212
 1.5335941184835629
 1.5615694431952087
 2.159544685791857
 1.6326705371985757
 2.2172543938785347
 1.8510398196622744
 1.8050293802750204
 2.210254122761704
 1.9366689703075506
 1.4450013568014717
 2.004576782571496
 1.4832587026621111
 1.6869571881947332
 1.2502135307840523
 1.6891300346050218
 1.4806959207900845
 1.4435771089717822
 1.80154222363617
 1.66359200469708
 1.7446602038976955
 1.415176030286617
 1.5288579831757645
 1.3063619921230596
 1.5105476285680397
 1.3517630700714398
 1.5005613491828529
 2.0124395300595492
 1.4571307113029373
 2.1438456638804837
 1.3741969533220948
 1.4299070736535673
 2.3193398941650605
 1.7665411066012409
 1.8502699422777744
 2.0610322823022242
 1.5117477856608683
 1.9159969238180445
 1.7093608420815865
 1.7990095957386332
 1.2104375499841535
 1.587453328537771
 1.9697933905998892
 1.3706771351754752
 2.0162525054545086
 1.4314153462808852
 1.8644751961307386
 2.0095418480049023
 1.552980919831809
 1.2932650927710745
 2.346785591159825
 1.7802672122122742
 1.9836523180486652
 1.0113897517783075
 2.1029508205290175
 2.065883712649787
 2.2059275927039566
 1.0555601151265273
 2.1821778251421784
 1.8407522023973992
 1.8384730248045165
 2.132355574349045
 1.8226230984230944
 1.3455743069893202
 1.5258152489710388
 2.090157042409324
 1.9572530577695733
 1.6772036593849693
 1.395612381359135
 1.568834077167707
 1.0326560748215172
 1.8538698670605545
 2.0664018612564656
 1.1704470931816822
 1.5297579615119947
 1.5852933727092942
 0.9937091275495902
 1.132896979890372
 1.5686525732463004
 1.5969904678624645
 0.9380899375289183
 5.562690071504987
 5.528170831180459
 5.679276169311695
 5.306713867716459
 5.864335267834063
 4.788550732609634
 4.5876240418300025
 5.117540625401182
 4.494835979373282
 4.953657518108301
 5.040636100746518
 5.100554847088932
 5.56188488708225
 4.941560826857382
 4.9666296041052975
 5.271000032912095
 4.582563947655395
 4.921872332051934
 5.164779113873279
 4.879724866383149
 5.091014462176365
 4.383712499379134
 5.02323740397864
 5.14056242408545
 5.187508164966209
 4.953430168075875
 4.57325439091467
 5.000752634538142
 4.832308675531253
 4.37295606678863
 4.566331857961057
 5.0717546199162635
 5.070141851777867
 4.996089351914188
 5.057399608937832
 4.411096129761216
 5.170468538526174
 5.4567514528169445
 5.048674193573342
 5.0828279762303765
 4.788638509678899
 4.776755880416896
 4.877777294604242
 4.697113512172818
 4.410190088319325
 4.982535589487156
 4.845592907751728
 5.318247015792359
 5.187307423068055
 4.865613641511425
 5.057903852190651
 4.791163877769569
 4.609053527915862
 4.699270881406138
 5.10718649228467
 4.80492713091406
 5.081278160043119
 5.2089467372355776
 4.975660483485741
 4.9270563104435965
 5.0281523408303395
 4.735590017802825
 4.935141221916172
 4.3827533382527495
 5.0456813950603365
 5.218199122016836
 5.011483644582147
 4.431954207282885
 5.12364683082083
 4.131516963692383
 5.350520950497993
 4.127737659281642
 4.793318226361304
 4.89063922714037
 4.699695346612345
 5.056094681769642
 4.721007159365955
 4.502072816408129
 4.808789885177163
 4.656818353200554
 5.452802691881262
 4.330881493159704
 5.167264421103111
 4.607563674892482
 5.545701313407767
 5.092263316729688
 5.008588143331565
 4.834762850451253
 5.46981239394166
 5.457066648533305
 5.245935457900405
 5.108980698151487
 4.469484871429062
 5.322327578468974
 5.1233118067369565
 5.178256443536819
 5.168685964361047
 4.691354884058908
 5.738748864555181
 4.975053571603112
 8.563819734005332
 8.150906850037925
 8.303258320515612
 8.737463749103247
 8.431557843292925
 7.937480542221694
 8.26027091918086
 8.170340004556264
 8.099909169478115
 8.20152024450388
 8.250989044164239
 8.588046464236468
 7.675837136504182
 8.099120789644953
 8.41932180718996
 8.053109853401168
 8.342970062174405
 7.707818700868607
 8.091831525506798
 8.270650069393303
 8.459386084777023
 8.290534395343025
 8.58329733804553
 8.764645475017089
 8.231738157026836
 8.322518367253409
 7.705168724305337
 7.483765804943067
 8.106353022032682
 7.910358060654863
 8.49356638761713
 8.579943486702899
 8.30613038949119
 8.013310541361335
 7.991392337270393
 8.314839780243673
 8.185182605326535
 8.390634106784743
 8.491666908607963
 8.324278866875177
 8.026263912266003
 7.984365081835122
 8.547141489066203
 8.43963778172815
 8.234861343403036
 8.150342057032505
 8.65663079612852
 8.442365513981773
 8.269807097941914
 8.225628678911448
 8.049276977867756
 8.022231055119438
 8.31997407490098
 8.693195899467847
 7.875046941172498
 8.167483824031676
 7.805477387166652
 8.720229571624905
 8.079720562048847
 8.10150484047667
 8.01923194785043
 8.455843434582349
 8.382234536917553
 8.276521996962861
 7.674168409049194
 8.48682482515533
 8.756561100704504
 7.967998794661969
 8.710694011843312
 8.298310911598138
 7.8743480248846165
 8.515295231327048
 7.927302491567344
 8.25622127846728
 8.549495776376139
 8.219977294935228
 7.999065651504125
 7.978189758185791
 8.40950862854327
 8.775384479078642
 8.327724477392147
 8.837922891192093
 8.158655895799756
 7.675833350592883
 7.791573245541407
 8.191654906039897
 8.173939845575376
 8.765514679977052
 7.957187196112399
 8.597895249549676
 8.412032586296535
 8.848972093955567
 7.296656000166604
 7.5615389067429835
 8.106488772083011
 8.447055476293773
 8.745440943889012
 8.092645110070915
 8.760142830565776
 8.389275102863776
Shuffled Raw Data 
 1.8854666845486017
 1.5224988108437818
 1.4573483364354898
 1.603826382950057
 1.324460060031146
 1.8286327245102245
 2.2234230736445832
 2.0170279642421587
 1.4764086656525641
 2.0458963787735467
 0.9679579680379982
 1.6832173759795914
 2.0102784955907826
 1.351403835309789
 1.4086443516095453
 1.7412906772133339
 1.4482282606661165
 1.6773703024526607
 1.287050806651404
 1.3514406159867212
 1.5335941184835629
 1.5615694431952087
 2.159544685791857
 1.6326705371985757
 2.2172543938785347
 1.8510398196622744
 1.8050293802750204
 2.210254122761704
 1.9366689703075506
 1.4450013568014717
 2.004576782571496
 1.4832587026621111
 1.6869571881947332
 1.2502135307840523
 1.6891300346050218
 1.4806959207900845
 1.4435771089717822
 1.80154222363617
 1.66359200469708
 1.7446602038976955
 1.415176030286617
 1.5288579831757645
 1.3063619921230596
 1.5105476285680397
 1.3517630700714398
 1.5005613491828529
 2.0124395300595492
 1.4571307113029373
 2.1438456638804837
 1.3741969533220948
 1.4299070736535673
 2.3193398941650605
 1.7665411066012409
 1.8502699422777744
 2.0610322823022242
 1.5117477856608683
 1.9159969238180445
 1.7093608420815865
 1.7990095957386332
 1.2104375499841535
 1.587453328537771
 1.9697933905998892
 1.3706771351754752
 2.0162525054545086
 1.4314153462808852
 1.8644751961307386
 2.0095418480049023
 1.552980919831809
 1.2932650927710745
 2.346785591159825
 1.7802672122122742
 1.9836523180486652
 1.0113897517783075
 2.1029508205290175
 2.065883712649787
 2.2059275927039566
 1.0555601151265273
 2.1821778251421784
 1.8407522023973992
 1.8384730248045165
 2.132355574349045
 1.8226230984230944
 1.3455743069893202
 1.5258152489710388
 2.090157042409324
 1.9572530577695733
 1.6772036593849693
 1.395612381359135
 1.568834077167707
 1.0326560748215172
 1.8538698670605545
 2.0664018612564656
 1.1704470931816822
 1.5297579615119947
 1.5852933727092942
 0.9937091275495902
 1.132896979890372
 1.5686525732463004
 1.5969904678624645
 0.9380899375289183
 5.562690071504987
 5.528170831180459
 5.679276169311695
 5.306713867716459
 5.864335267834063
 4.788550732609634
 4.5876240418300025
 5.117540625401182
 4.494835979373282
 4.953657518108301
 5.040636100746518
 5.100554847088932
 5.56188488708225
 4.941560826857382
 4.9666296041052975
 5.271000032912095
 4.582563947655395
 4.921872332051934
 5.164779113873279
 4.879724866383149
 5.091014462176365
 4.383712499379134
 5.02323740397864
 5.14056242408545
 5.187508164966209
 4.953430168075875
 4.57325439091467
 5.000752634538142
 4.832308675531253
 4.37295606678863
 4.566331857961057
 5.0717546199162635
 5.070141851777867
 4.996089351914188
 5.057399608937832
 4.411096129761216
 5.170468538526174
 5.4567514528169445
 5.048674193573342
 5.0828279762303765
 4.788638509678899
 4.776755880416896
 4.877777294604242
 4.697113512172818
 4.410190088319325
 4.982535589487156
 4.845592907751728
 5.318247015792359
 5.187307423068055
 4.865613641511425
 5.057903852190651
 4.791163877769569
 4.609053527915862
 4.699270881406138
 5.10718649228467
 4.80492713091406
 5.081278160043119
 5.2089467372355776
 4.975660483485741
 4.9270563104435965
 5.0281523408303395
 4.735590017802825
 4.935141221916172
 4.3827533382527495
 5.0456813950603365
 5.218199122016836
 5.011483644582147
 4.431954207282885
 5.12364683082083
 4.131516963692383
 5.350520950497993
 4.127737659281642
 4.793318226361304
 4.89063922714037
 4.699695346612345
 5.056094681769642
 4.721007159365955
 4.502072816408129
 4.808789885177163
 4.656818353200554
 5.452802691881262
 4.330881493159704
 5.167264421103111
 4.607563674892482
 5.545701313407767
 5.092263316729688
 5.008588143331565
 4.834762850451253
 5.46981239394166
 5.457066648533305
 5.245935457900405
 5.108980698151487
 4.469484871429062
 5.322327578468974
 5.1233118067369565
 5.178256443536819
 5.168685964361047
 4.691354884058908
 5.738748864555181
 4.975053571603112
 8.563819734005332
 8.150906850037925
 8.303258320515612
 8.737463749103247
 8.431557843292925
 7.937480542221694
 8.26027091918086
 8.170340004556264
 8.099909169478115
 8.20152024450388
 8.250989044164239
 8.588046464236468
 7.675837136504182
 8.099120789644953
 8.41932180718996
 8.053109853401168
 8.342970062174405
 7.707818700868607
 8.091831525506798
 8.270650069393303
 8.459386084777023
 8.290534395343025
 8.58329733804553
 8.764645475017089
 8.231738157026836
 8.322518367253409
 7.705168724305337
 7.483765804943067
 8.106353022032682
 7.910358060654863
 8.49356638761713
 8.579943486702899
 8.30613038949119
 8.013310541361335
 7.991392337270393
 8.314839780243673
 8.185182605326535
 8.390634106784743
 8.491666908607963
 8.324278866875177
 8.026263912266003
 7.984365081835122
 8.547141489066203
 8.43963778172815
 8.234861343403036
 8.150342057032505
 8.65663079612852
 8.442365513981773
 8.269807097941914
 8.225628678911448
 8.049276977867756
 8.022231055119438
 8.31997407490098
 8.693195899467847
 7.875046941172498
 8.167483824031676
 7.805477387166652
 8.720229571624905
 8.079720562048847
 8.10150484047667
 8.01923194785043
 8.455843434582349
 8.382234536917553
 8.276521996962861
 7.674168409049194
 8.48682482515533
 8.756561100704504
 7.967998794661969
 8.710694011843312
 8.298310911598138
 7.8743480248846165
 8.515295231327048
 7.927302491567344
 8.25622127846728
 8.549495776376139
 8.219977294935228
 7.999065651504125
 7.978189758185791
 8.40950862854327
 8.775384479078642
 8.327724477392147
 8.837922891192093
 8.158655895799756
 7.675833350592883
 7.791573245541407
 8.191654906039897
 8.173939845575376
 8.765514679977052
 7.957187196112399
 8.597895249549676
 8.412032586296535
 8.848972093955567
 7.296656000166604
 7.5615389067429835
 8.106488772083011
 8.447055476293773
 8.745440943889012
 8.092645110070915
 8.760142830565776
 8.389275102863776
Binning Data 
 Bin: 0
 1.5224988108437818
 1.4573483364354898
 1.603826382950057
 1.324460060031146
 1.8286327245102245
 2.2234230736445832
 2.0170279642421587
 1.4764086656525641
 2.0458963787735467
 0.9679579680379982
 1.6832173759795914
 2.0102784955907826
 1.351403835309789
 1.4086443516095453
 1.7412906772133339
 1.4482282606661165
 1.6773703024526607
 1.287050806651404
 1.3514406159867212
 1.5335941184835629
 1.5615694431952087
 2.159544685791857
 1.6326705371985757
 2.2172543938785347
 1.8510398196622744
 1.8050293802750204
 2.210254122761704
 1.9366689703075506
 1.4450013568014717
 2.004576782571496
 1.4832587026621111
 1.6869571881947332
 1.2502135307840523
 1.6891300346050218
 1.4806959207900845
 1.4435771089717822
 1.80154222363617
 1.66359200469708
 1.7446602038976955
 1.415176030286617
 1.5288579831757645
 1.3063619921230596
 1.5105476285680397
 1.3517630700714398
 1.5005613491828529
 2.0124395300595492
 1.4571307113029373
 2.1438456638804837
 1.3741969533220948
 1.4299070736535673
 2.3193398941650605
 1.7665411066012409
 1.8502699422777744
 2.0610322823022242
 1.5117477856608683
 1.9159969238180445
 1.7093608420815865
 1.7990095957386332
 1.2104375499841535
 1.587453328537771
 1.9697933905998892
 1.3706771351754752
 2.0162525054545086
 1.4314153462808852
 1.8644751961307386
 2.0095418480049023
 1.552980919831809
 1.2932650927710745
 2.346785591159825
 1.7802672122122742
 1.9836523180486652
 1.0113897517783075
 2.1029508205290175
 2.065883712649787
 2.2059275927039566
 1.0555601151265273
 2.1821778251421784
 1.8407522023973992
 1.8384730248045165
 2.132355574349045
 1.8226230984230944
 1.3455743069893202
 1.5258152489710388
 2.090157042409324
 1.9572530577695733
 1.6772036593849693
 1.395612381359135
 1.568834077167707
 1.0326560748215172
 1.8538698670605545
 2.0664018612564656
 1.1704470931816822
 1.5297579615119947
 1.5852933727092942
 0.9937091275495902
 1.132896979890372
 1.5686525732463004
 1.5969904678624645
 0.9380899375289183
 5.562690071504987
 5.528170831180459
 5.679276169311695
 5.306713867716459
 5.864335267834063
 4.788550732609634
 4.5876240418300025
 5.117540625401182
 4.494835979373282
 4.953657518108301
 5.040636100746518
 5.100554847088932
 5.56188488708225
 4.941560826857382
 4.9666296041052975
 5.271000032912095
 4.582563947655395
 4.921872332051934
 5.164779113873279
 4.879724866383149
 5.091014462176365
 4.383712499379134
 5.02323740397864
 5.14056242408545
 5.187508164966209
 4.953430168075875
 4.57325439091467
 5.000752634538142
 4.832308675531253
 4.37295606678863
 4.566331857961057
 5.0717546199162635
 5.070141851777867
 4.996089351914188
 5.057399608937832
 4.411096129761216
 5.170468538526174
 5.4567514528169445
 5.048674193573342
 5.0828279762303765
 4.788638509678899
 4.776755880416896
 4.877777294604242
 4.697113512172818
 4.410190088319325
 4.982535589487156
 4.845592907751728
 5.318247015792359
 5.187307423068055
 4.865613641511425
 5.057903852190651
 4.791163877769569
 4.609053527915862
 4.699270881406138
 5.10718649228467
 4.80492713091406
 5.081278160043119
 5.2089467372355776
 4.975660483485741
 4.9270563104435965
 5.0281523408303395
 4.735590017802825
 4.935141221916172
 4.3827533382527495
 5.0456813950603365
 5.218199122016836
 5.011483644582147
 4.431954207282885
 5.12364683082083
 4.131516963692383
 5.350520950497993
 4.127737659281642
 4.793318226361304
 4.89063922714037
 4.699695346612345
 5.056094681769642
 4.721007159365955
 4.502072816408129
 4.808789885177163
 4.656818353200554
 5.452802691881262
 4.330881493159704
 5.167264421103111
 4.607563674892482
 5.545701313407767
 5.092263316729688
 5.008588143331565
 4.834762850451253
 5.46981239394166
 5.457066648533305
 5.245935457900405
 5.108980698151487
 4.469484871429062
 5.322327578468974
 5.1233118067369565
 5.178256443536819
 5.168685964361047
 4.691354884058908
 5.738748864555181
 4.975053571603112
 8.563819734005332
 8.150906850037925
 8.303258320515612
 8.737463749103247
 8.431557843292925
 7.937480542221694
 8.26027091918086
 8.170340004556264
 8.099909169478115
 8.20152024450388
 8.250989044164239
 8.588046464236468
 7.675837136504182
 8.099120789644953
 8.41932180718996
 8.053109853401168
 8.342970062174405
 7.707818700868607
 8.091831525506798
 8.270650069393303
 8.459386084777023
 8.290534395343025
 8.58329733804553
 8.764645475017089
 8.231738157026836
 8.322518367253409
 7.705168724305337
 7.483765804943067
 8.106353022032682
 7.910358060654863
 8.49356638761713
 8.579943486702899
 8.30613038949119
 8.013310541361335
 7.991392337270393
 8.314839780243673
 8.185182605326535
 8.390634106784743
 8.491666908607963
 8.324278866875177
 8.026263912266003
 7.984365081835122
 8.547141489066203
 8.43963778172815
 8.234861343403036
 8.150342057032505
 8.65663079612852
 8.442365513981773
 8.269807097941914
 8.225628678911448
 8.049276977867756
 8.022231055119438
 8.31997407490098
 8.693195899467847
 7.875046941172498
 8.167483824031676
 7.805477387166652
 8.720229571624905
 8.079720562048847
 8.10150484047667
 8.01923194785043
 8.455843434582349
 8.382234536917553
 8.276521996962861
 7.674168409049194
 8.48682482515533
 8.756561100704504
 7.967998794661969
 8.710694011843312
 8.298310911598138
 7.8743480248846165
 8.515295231327048
 7.927302491567344
 8.25622127846728
 8.549495776376139
 8.219977294935228
 7.999065651504125
 7.978189758185791
 8.40950862854327
 8.775384479078642
 8.327724477392147
 8.837922891192093
 8.158655895799756
 7.675833350592883
 7.791573245541407
 8.191654906039897
 8.173939845575376
 8.765514679977052
 7.957187196112399
 8.597895249549676
 8.412032586296535
 8.848972093955567
 7.296656000166604
 7.5615389067429835
 8.106488772083011
 8.447055476293773
 8.745440943889012
 8.092645110070915
 8.760142830565776
 8.389275102863776
 Bin: 1
 1.8854666845486017
 Bin: 0
 Max: 8.848972093955567
 Min: 0.9380899375289183
 Bin: 1
 Max: 1.8854666845486017
 Min: 1.8854666845486017
